"Date","Time","Open","High","Low","Close","Vol","OI","%Chg","HiAlert","LoAlert"
05/31/2013,16:30,83.00,83.60,83.00,83.38,0,0,0.00,0.00,0.00
06/03/2013,16:30,83.28,83.38,82.43,82.66,0,0,0.00,0.00,0.00
06/04/2013,16:30,82.65,82.98,82.60,82.77,0,0,0.00,0.00,0.00
06/05/2013,16:30,82.75,82.89,82.49,82.59,0,0,0.00,0.00,0.00
06/06/2013,16:30,82.53,82.68,81.08,81.54,0,0,0.00,0.00,0.00
06/07/2013,16:30,81.54,81.85,81.09,81.67,0,0,0.00,0.00,0.00
06/10/2013,16:30,81.82,82.09,81.60,81.65,0,0,0.00,0.00,0.00
06/11/2013,16:30,81.68,81.75,81.03,81.11,0,0,0.00,0.00,0.00
06/12/2013,16:30,81.10,81.31,80.75,80.95,0,0,0.00,0.00,0.00
06/13/2013,16:30,80.98,80.99,80.50,80.75,0,0,0.00,0.00,0.00
06/14/2013,16:30,80.69,81.01,80.59,80.67,0,0,0.00,0.00,0.00
06/17/2013,16:30,80.62,80.88,80.53,80.79,0,0,0.00,0.00,0.00
06/18/2013,16:30,80.63,80.99,80.56,80.61,0,0,-3.65,0.00,0.00
06/19/2013,16:30,80.66,81.50,80.50,81.43,0,0,-1.94,0.00,0.00
06/20/2013,16:30,81.32,82.14,81.27,81.92,0,0,-1.75,0.00,0.00
06/21/2013,16:30,81.78,82.52,81.60,82.32,0,0,-0.41,0.00,0.00
06/24/2013,16:30,82.53,82.84,82.31,82.43,0,0,-0.41,0.00,0.00
06/25/2013,16:30,82.46,82.72,82.24,82.58,0,0,-0.01,0.00,0.00
06/26/2013,16:30,82.61,83.03,82.51,82.98,0,0,1.77,0.00,0.00
06/27/2013,16:30,82.93,83.17,82.77,82.90,0,0,1.51,0.00,0.00
06/28/2013,16:30,82.96,83.34,82.75,83.14,0,0,1.82,0.00,0.00
07/01/2013,16:30,83.18,83.23,82.97,83.05,0,0,2.39,0.00,0.00
07/02/2013,16:30,82.97,83.61,82.97,83.54,0,0,3.20,0.00,0.00
07/03/2013,16:30,83.55,83.72,83.09,83.20,0,0,3.03,0.00,0.00
07/04/2013,16:30,83.21,83.91,83.15,83.75,0,0,3.82,0.00,0.00
07/05/2013,16:30,83.75,84.53,83.75,84.43,0,0,4.51,0.00,0.00
07/08/2013,16:30,84.53,84.59,84.15,84.19,0,0,4.44,0.00,0.00
07/09/2013,16:30,84.21,84.75,84.08,84.58,0,0,3.87,0.00,0.00
07/10/2013,16:30,84.62,84.73,83.47,84.04,0,0,2.59,0.00,0.00
07/11/2013,16:30,83.44,83.44,82.42,82.75,0,0,0.52,0.00,0.00
07/12/2013,16:30,82.75,83.24,82.72,82.99,0,0,0.68,0.00,0.00
07/15/2013,16:30,82.92,83.46,82.88,83.04,0,0,0.56,0.00,0.00
07/16/2013,16:30,83.09,83.11,82.39,82.50,0,0,-0.58,0.00,0.00
07/17/2013,16:30,82.50,82.89,82.34,82.71,0,0,-0.23,0.00,0.00
07/18/2013,16:30,82.63,83.03,82.62,82.82,0,0,-0.38,0.00,0.00
07/19/2013,16:30,82.77,82.94,82.52,82.61,0,0,-0.53,0.00,0.00
07/22/2013,16:30,82.60,82.60,82.05,82.22,0,0,-1.58,0.00,0.00
07/23/2013,16:30,82.23,82.38,81.93,81.94,0,0,-1.51,0.00,0.00
07/24/2013,16:30,81.99,82.40,81.94,82.29,0,0,-1.74,0.00,0.00
07/25/2013,16:30,82.27,82.40,81.62,81.97,0,0,-2.91,0.00,0.00
07/26/2013,16:30,81.79,81.83,81.55,81.66,0,0,-3.01,0.00,0.00
07/29/2013,16:30,81.65,81.83,81.50,81.66,0,0,-3.45,0.00,0.00
07/30/2013,16:30,81.71,81.98,81.58,81.83,0,0,-2.63,0.00,0.00
07/31/2013,16:30,81.84,82.19,81.41,81.45,0,0,-1.57,0.00,0.00
08/01/2013,16:30,81.66,82.41,81.61,82.34,0,0,-0.78,0.00,0.00
08/02/2013,16:30,82.36,82.49,81.82,81.91,0,0,-1.36,0.00,0.00
08/05/2013,16:30,81.95,82.08,81.75,81.87,0,0,-0.76,0.00,0.00
08/06/2013,16:30,81.85,81.96,81.51,81.60,0,0,-1.34,0.00,0.00
08/07/2013,16:30,81.63,81.82,81.23,81.29,0,0,-1.85,0.00,0.00
08/08/2013,16:30,81.27,81.36,80.87,80.98,0,0,-1.97,0.00,0.00
08/09/2013,16:30,81.03,81.18,80.94,81.13,0,0,-1.33,0.00,0.00
08/12/2013,16:30,81.17,81.51,81.10,81.39,0,0,-0.67,0.00,0.00
08/13/2013,16:30,81.42,81.88,81.40,81.77,0,0,-0.63,0.00,0.00
08/14/2013,16:30,81.75,81.85,81.61,81.71,0,0,-0.32,0.00,0.00
08/15/2013,16:30,81.73,81.94,81.10,81.18,0,0,-0.59,0.00,0.00
08/16/2013,16:30,81.18,81.40,81.05,81.26,0,0,-0.49,0.00,0.00
08/19/2013,16:30,81.29,81.39,81.14,81.23,0,0,-0.73,0.00,0.00
08/20/2013,16:30,81.24,81.34,80.75,80.91,0,0,-0.66,0.00,0.00
08/21/2013,16:30,80.92,81.41,80.90,81.21,0,0,-1.37,0.00,0.00
08/22/2013,16:30,81.33,81.72,81.33,81.49,0,0,-0.51,0.00,0.00
08/23/2013,16:30,81.48,81.66,81.22,81.36,0,0,-0.62,0.00,0.00
08/26/2013,16:30,81.35,81.51,81.27,81.41,0,0,-0.23,0.00,0.00
08/27/2013,16:30,81.38,81.57,81.11,81.17,0,0,-0.15,0.00,0.00
08/28/2013,16:30,81.12,81.60,81.11,81.43,0,0,0.56,0.00,0.00
08/29/2013,16:30,81.43,82.07,81.38,81.95,0,0,1.01,0.00,0.00
08/30/2013,16:30,81.99,82.26,81.89,82.09,0,0,0.86,0.00,0.00
09/02/2013,16:30,82.10,82.31,82.02,82.25,0,0,0.59,0.00,0.00
09/03/2013,16:30,82.25,82.52,82.23,82.36,0,0,0.80,0.00,0.00
09/04/2013,16:30,82.36,82.43,82.08,82.17,0,0,1.22,0.00,0.00
09/05/2013,16:30,82.17,82.67,82.10,82.63,0,0,1.69,0.00,0.00
09/06/2013,16:30,82.63,82.63,82.04,82.15,0,0,1.13,0.00,0.00
09/09/2013,16:30,82.24,82.31,81.70,81.79,0,0,1.09,0.00,0.00
09/10/2013,16:30,81.82,81.98,81.72,81.82,0,0,0.75,0.00,0.00
09/11/2013,16:30,81.82,81.94,81.44,81.52,0,0,0.04,0.00,0.00
09/12/2013,16:30,81.51,81.69,81.36,81.49,0,0,0.16,0.00,0.00
09/13/2013,16:30,81.51,81.74,81.40,81.45,0,0,0.05,0.00,0.00
09/16/2013,16:30,81.08,81.31,80.97,81.29,0,0,0.15,0.00,0.00
09/17/2013,16:30,81.26,81.35,81.11,81.14,0,0,-0.36,0.00,0.00
09/18/2013,16:30,81.15,81.22,80.06,80.24,0,0,-2.09,0.00,0.00
09/19/2013,16:30,80.19,80.45,80.07,80.37,0,0,-2.10,0.00,0.00
09/20/2013,16:30,80.38,80.58,80.30,80.43,0,0,-2.21,0.00,0.00
09/23/2013,16:30,80.36,80.53,80.29,80.45,0,0,-2.32,0.00,0.00
09/24/2013,16:30,80.46,80.62,80.40,80.56,0,0,-1.96,0.00,0.00
09/25/2013,16:30,80.58,80.63,80.29,80.33,0,0,-2.78,0.00,0.00
09/26/2013,16:30,80.33,80.65,80.31,80.52,0,0,-1.98,0.00,0.00
09/27/2013,16:30,80.54,80.59,80.11,80.52,0,0,-1.55,0.00,0.00
09/30/2013,16:30,80.31,80.38,80.03,80.22,0,0,-1.96,0.00,0.00
10/01/2013,16:30,80.22,80.32,79.86,80.14,0,0,-1.69,0.00,0.00
10/02/2013,16:30,80.17,80.28,79.78,79.90,0,0,-1.95,0.00,0.00
10/03/2013,16:30,79.89,79.92,79.63,79.75,0,0,-2.09,0.00,0.00
10/04/2013,16:30,79.76,80.19,79.68,80.12,0,0,-1.44,0.00,0.00
10/07/2013,16:30,80.08,80.14,79.90,79.94,0,0,-1.48,0.00,0.00
10/08/2013,16:30,79.92,80.08,79.84,80.06,0,0,-0.22,0.00,0.00
10/09/2013,16:30,80.01,80.57,79.88,80.38,0,0,0.01,0.00,0.00
10/10/2013,16:30,80.36,80.60,80.36,80.42,0,0,-0.01,0.00,0.00
10/11/2013,16:30,80.49,80.54,80.24,80.36,0,0,-0.11,0.00,0.00
10/14/2013,16:30,80.33,80.39,80.13,80.26,0,0,-0.37,0.00,0.00
10/15/2013,16:30,80.33,80.70,80.25,80.48,0,0,0.19,0.00,0.00
10/16/2013,16:30,80.43,80.75,80.28,80.47,0,0,-0.06,0.00,0.00
10/17/2013,16:30,80.47,80.56,79.61,79.65,0,0,-1.08,0.00,0.00
10/18/2013,16:30,79.66,79.76,79.48,79.65,0,0,-0.71,0.00,0.00
10/21/2013,16:30,79.63,79.82,79.63,79.69,0,0,-0.56,0.00,0.00
10/22/2013,16:30,79.71,79.79,79.18,79.23,0,0,-0.84,0.00,0.00
10/23/2013,16:30,79.24,79.39,79.14,79.26,0,0,-0.61,0.00,0.00
10/24/2013,16:30,79.28,79.32,79.08,79.18,0,0,-1.17,0.00,0.00
10/25/2013,16:30,79.18,79.32,79.00,79.19,0,0,-0.94,0.00,0.00
10/28/2013,16:30,79.23,79.38,79.15,79.25,0,0,-1.01,0.00,0.00
10/29/2013,16:30,79.33,79.67,79.29,79.61,0,0,-0.96,0.00,0.00
10/30/2013,16:30,79.63,79.90,79.45,79.78,0,0,-0.80,0.00,0.00
10/31/2013,16:30,79.71,80.27,79.68,80.19,0,0,-0.21,0.00,0.00
11/01/2013,16:30,80.25,80.79,80.25,80.72,0,0,0.57,0.00,0.00
11/04/2013,16:30,80.69,80.93,80.53,80.55,0,0,0.09,0.00,0.00
11/05/2013,16:30,80.57,80.81,80.50,80.71,0,0,0.30,0.00,0.00
11/06/2013,16:30,80.69,80.72,80.38,80.48,0,0,1.04,0.00,0.00
11/07/2013,16:30,80.51,81.46,80.44,80.85,0,0,1.51,0.00,0.00
11/08/2013,16:30,80.83,81.48,80.78,81.30,0,0,2.02,0.00,0.00
11/11/2013,16:30,81.26,81.34,81.06,81.09,0,0,2.35,0.00,0.00
11/12/2013,16:30,81.10,81.46,81.01,81.19,0,0,2.44,0.00,0.00
11/13/2013,16:30,81.14,81.28,80.74,80.93,0,0,2.21,0.00,0.00
11/14/2013,16:30,80.79,81.21,80.74,81.02,0,0,2.31,0.00,0.00
11/15/2013,16:30,81.00,81.15,80.78,80.85,0,0,2.02,0.00,0.00
11/18/2013,16:30,80.80,80.92,80.57,80.82,0,0,1.52,0.00,0.00
11/19/2013,16:30,80.73,80.84,80.56,80.70,0,0,1.15,0.00,0.00
11/20/2013,16:30,80.68,81.13,80.53,81.11,0,0,1.15,0.00,0.00
11/21/2013,16:30,81.03,81.29,80.95,81.07,0,0,0.43,0.00,0.00
11/22/2013,16:30,80.97,81.09,80.64,80.71,0,0,0.20,0.00,0.00
11/25/2013,16:30,80.69,81.02,80.68,80.92,0,0,0.26,0.00,0.00
11/26/2013,16:30,80.90,80.90,80.60,80.61,0,0,0.16,0.00,0.00
11/27/2013,16:30,80.64,80.79,80.48,80.72,0,0,-0.16,0.00,0.00
11/28/2013,16:30,80.71,80.75,80.54,80.57,0,0,-0.90,0.00,0.00
11/29/2013,16:30,80.55,80.68,80.49,80.68,0,0,-0.51,0.00,0.00
12/02/2013,16:30,80.66,80.96,80.50,80.93,0,0,-0.32,0.00,0.00
12/03/2013,16:30,80.89,80.99,80.50,80.61,0,0,-0.40,0.00,0.00
12/04/2013,16:30,80.62,80.91,80.54,80.62,0,0,-0.49,0.00,0.00
12/05/2013,16:30,80.62,80.82,80.23,80.24,0,0,-0.75,0.00,0.00
12/06/2013,16:30,80.26,80.61,80.22,80.32,0,0,-0.62,0.00,0.00
12/09/2013,16:30,80.24,80.33,80.12,80.13,0,0,-0.71,0.00,0.00
12/10/2013,16:30,80.14,80.18,79.84,79.97,0,0,-1.41,0.00,0.00
12/11/2013,16:30,79.99,80.06,79.76,79.89,0,0,-1.46,0.00,0.00
12/12/2013,16:30,79.89,80.25,79.85,80.21,0,0,-0.62,0.00,0.00
12/13/2013,16:30,80.19,80.42,80.16,80.21,0,0,-0.88,0.00,0.00
12/16/2013,16:30,80.23,80.23,79.92,80.07,0,0,-0.67,0.00,0.00
12/17/2013,16:30,80.11,80.28,79.98,80.06,0,0,-0.82,0.00,0.00
12/18/2013,16:30,80.05,80.56,79.81,80.11,0,0,-0.57,0.00,0.00
12/19/2013,16:30,80.51,80.67,80.47,80.63,0,0,-0.06,0.00,0.00
12/20/2013,16:30,80.62,80.83,80.39,80.57,0,0,-0.44,0.00,0.00
12/23/2013,16:30,80.54,80.55,80.32,80.45,0,0,-0.20,0.00,0.00
12/24/2013,16:30,80.42,80.61,80.42,80.52,0,0,-0.12,0.00,0.00
12/26/2013,16:30,80.52,80.62,80.44,80.50,0,0,0.32,0.00,0.00
12/27/2013,16:30,80.51,80.52,79.69,80.39,0,0,0.09,0.00,0.00
12/30/2013,16:30,80.26,80.43,79.93,80.00,0,0,-0.16,0.00,0.00
12/31/2013,16:30,80.04,80.22,79.96,80.15,0,0,0.23,0.00,0.00
01/02/2014,16:30,80.19,80.71,80.08,80.63,0,0,0.93,0.00,0.00
01/03/2014,16:30,80.57,80.89,80.49,80.79,0,0,0.72,0.00,0.00
01/06/2014,16:30,80.86,80.91,80.54,80.65,0,0,0.55,0.00,0.00
01/07/2014,16:30,80.68,80.95,80.60,80.83,0,0,0.95,0.00,0.00
01/08/2014,16:30,80.85,81.17,80.83,81.02,0,0,1.20,0.00,0.00
01/09/2014,16:30,81.06,81.19,80.85,81.00,0,0,1.11,0.00,0.00
01/10/2014,16:30,80.93,81.14,80.53,80.66,0,0,0.04,0.00,0.00
01/13/2014,16:30,80.61,80.75,80.47,80.51,0,0,-0.07,0.00,0.00
01/14/2014,16:30,80.54,80.70,80.44,80.66,0,0,0.26,0.00,0.00
01/15/2014,16:30,80.64,81.13,80.64,81.03,0,0,0.63,0.00,0.00
01/16/2014,16:30,81.00,81.12,80.77,80.91,0,0,0.51,0.00,0.00
01/17/2014,16:30,80.92,81.29,80.91,81.22,0,0,1.03,0.00,0.00
01/20/2014,16:30,81.19,81.30,81.04,81.10,0,0,1.37,0.00,0.00
01/21/2014,16:30,81.10,81.39,81.04,81.10,0,0,1.19,0.00,0.00
01/22/2014,16:30,81.08,81.21,80.96,81.17,0,0,0.67,0.00,0.00
01/23/2014,16:30,81.20,81.31,80.41,80.44,0,0,-0.43,0.00,0.00
01/24/2014,16:30,80.45,80.56,80.15,80.46,0,0,-0.24,0.00,0.00
01/27/2014,16:30,80.41,80.56,80.30,80.52,0,0,-0.38,0.00,0.00
01/28/2014,16:30,80.47,80.76,80.39,80.57,0,0,-0.56,0.00,0.00
01/29/2014,16:30,80.65,80.82,80.44,80.50,0,0,-0.62,0.00,0.00
01/30/2014,16:30,80.54,81.14,80.54,81.08,0,0,0.52,0.00,0.00
01/31/2014,16:30,81.06,81.32,80.99,81.31,0,0,0.99,0.00,0.00
02/03/2014,16:30,81.27,81.32,80.99,81.01,0,0,0.43,0.00,0.00
02/04/2014,16:30,81.05,81.22,80.99,81.12,0,0,0.11,0.00,0.00
02/05/2014,16:30,81.13,81.24,80.90,81.04,0,0,0.16,0.00,0.00
02/06/2014,16:30,81.06,81.23,80.72,80.91,0,0,-0.38,0.00,0.00
02/07/2014,16:30,80.89,81.01,80.60,80.69,0,0,-0.51,0.00,0.00
02/10/2014,16:30,80.75,80.76,80.59,80.64,0,0,-0.57,0.00,0.00
02/11/2014,16:30,80.64,80.67,80.45,80.64,0,0,-0.65,0.00,0.00
02/12/2014,16:30,80.63,80.83,80.49,80.68,0,0,0.30,0.00,0.00
02/13/2014,16:30,80.68,80.71,80.19,80.32,0,0,-0.17,0.00,0.00
02/14/2014,16:30,80.30,80.33,80.07,80.14,0,0,-0.47,0.00,0.00
02/17/2014,16:30,80.09,80.18,79.95,80.13,0,0,-0.55,0.00,0.00
02/18/2014,16:30,80.12,80.23,79.96,80.01,0,0,-0.61,0.00,0.00
02/19/2014,16:30,80.01,80.24,79.93,80.14,0,0,-1.16,0.00,0.00
02/20/2014,16:30,80.18,80.42,80.03,80.29,0,0,-1.25,0.00,0.00
02/21/2014,16:30,80.29,80.41,80.18,80.24,0,0,-0.95,0.00,0.00
02/24/2014,16:30,80.26,80.37,80.11,80.20,0,0,-1.13,0.00,0.00
02/25/2014,16:30,80.21,80.26,80.02,80.14,0,0,-1.11,0.00,0.00
02/26/2014,16:30,80.13,80.52,80.09,80.43,0,0,-0.59,0.00,0.00
02/27/2014,16:30,80.41,80.58,80.23,80.29,0,0,-0.50,0.00,0.00
02/28/2014,16:30,80.29,80.31,79.69,79.69,0,0,-1.18,0.00,0.00
03/03/2014,16:30,79.87,80.10,79.77,80.08,0,0,-0.69,0.00,0.00
03/04/2014,16:30,80.07,80.21,79.92,80.17,0,0,-0.63,0.00,0.00
03/05/2014,16:30,80.13,80.27,80.05,80.11,0,0,-0.26,0.00,0.00
03/06/2014,16:30,80.07,80.20,79.59,79.66,0,0,-0.60,0.00,0.00
03/07/2014,16:30,79.66,79.85,79.43,79.72,0,0,-0.51,0.00,0.00
03/10/2014,16:30,79.67,79.83,79.63,79.77,0,0,-0.30,0.00,0.00
03/11/2014,16:30,79.75,79.93,79.71,79.74,0,0,-0.50,0.00,0.00
03/12/2014,16:30,79.78,79.86,79.55,79.61,0,0,-0.85,0.00,0.00
03/13/2014,16:30,79.60,79.69,79.27,79.62,0,0,-0.77,0.00,0.00
03/14/2014,16:30,79.59,79.70,79.31,79.45,0,0,-0.94,0.00,0.00
03/17/2014,16:30,79.40,79.56,79.28,79.39,0,0,-0.94,0.00,0.00
03/18/2014,16:30,79.38,79.54,79.31,79.41,0,0,-1.27,0.00,0.00
03/19/2014,16:30,79.39,80.11,79.36,80.00,0,0,-0.36,0.00,0.00
03/20/2014,16:30,79.98,80.35,79.92,80.19,0,0,0.63,0.00,0.00
03/21/2014,16:30,80.19,80.23,80.03,80.11,0,0,0.04,0.00,0.00
03/24/2014,16:30,80.07,80.29,79.75,79.93,0,0,-0.30,0.00,0.00
03/25/2014,16:30,79.93,80.27,79.86,79.94,0,0,-0.21,0.00,0.00
03/26/2014,16:30,79.95,80.14,79.92,80.03,0,0,0.46,0.00,0.00
03/27/2014,16:30,80.02,80.20,79.95,80.11,0,0,0.49,0.00,0.00
03/28/2014,16:30,80.14,80.25,80.06,80.18,0,0,0.51,0.00,0.00
03/31/2014,16:30,80.16,80.30,79.96,80.10,0,0,0.45,0.00,0.00
04/01/2014,16:30,80.11,80.13,79.97,80.09,0,0,0.60,0.00,0.00
04/02/2014,16:30,80.09,80.28,80.00,80.21,0,0,0.74,0.00,0.00
04/03/2014,16:30,80.23,80.53,80.12,80.47,0,0,1.28,0.00,0.00
04/04/2014,16:30,80.46,80.60,80.34,80.42,0,0,1.30,0.00,0.00
04/07/2014,16:30,80.44,80.45,80.19,80.23,0,0,1.03,0.00,0.00
04/08/2014,16:30,80.22,80.23,79.71,79.75,0,0,-0.31,0.00,0.00
04/09/2014,16:30,79.76,79.88,79.46,79.48,0,0,-0.89,0.00,0.00
04/10/2014,16:30,79.51,79.57,79.33,79.38,0,0,-0.91,0.00,0.00
04/11/2014,16:30,79.42,79.57,79.36,79.45,0,0,-0.60,0.00,0.00
04/14/2014,16:30,79.62,79.83,79.56,79.73,0,0,-0.26,0.00,0.00
04/15/2014,16:30,79.75,79.90,79.68,79.80,0,0,-0.29,0.00,0.00
04/16/2014,16:30,79.79,79.87,79.65,79.80,0,0,-0.39,0.00,0.00
04/17/2014,16:30,79.82,79.88,79.58,79.83,0,0,-0.44,0.00,0.00
04/18/2014,16:30,79.85,79.89,79.82,79.88,0,0,-0.27,0.00,0.00
04/21/2014,16:30,79.86,79.99,79.79,79.94,0,0,-0.19,0.00,0.00
04/22/2014,16:30,79.96,79.99,79.79,79.90,0,0,-0.39,0.00,0.00
04/23/2014,16:30,79.89,79.92,79.70,79.86,0,0,-0.76,0.00,0.00
04/24/2014,16:30,79.87,79.97,79.75,79.80,0,0,-0.77,0.00,0.00
04/25/2014,16:30,79.77,79.80,79.66,79.75,0,0,-0.60,0.00,0.00
04/28/2014,16:30,79.74,79.84,79.55,79.68,0,0,-0.09,0.00,0.00
04/29/2014,16:30,79.70,79.84,79.59,79.81,0,0,0.42,0.00,0.00
04/30/2014,16:30,79.81,79.92,79.46,79.47,0,0,0.11,0.00,0.00
05/01/2014,16:30,79.52,79.54,79.41,79.53,0,0,0.10,0.00,0.00
05/02/2014,16:30,79.52,79.85,79.47,79.52,0,0,-0.26,0.00,0.00
05/05/2014,16:30,79.48,79.53,79.43,79.49,0,0,-0.39,0.00,0.00
05/06/2014,16:30,79.50,79.51,79.06,79.09,0,0,-0.89,0.00,0.00
05/07/2014,16:30,79.14,79.25,79.09,79.20,0,0,-0.79,0.00,0.00
05/08/2014,16:30,79.24,79.46,78.91,79.36,0,0,-0.65,0.00,0.00
05/09/2014,16:30,79.45,79.92,79.42,79.90,0,0,-0.05,0.00,0.00
05/12/2014,16:30,79.87,79.92,79.78,79.90,0,0,0.00,0.00,0.00
05/13/2014,16:30,79.89,80.18,79.86,80.14,0,0,0.35,0.00,0.00
05/14/2014,16:30,80.12,80.13,79.99,80.07,0,0,0.34,0.00,0.00
05/15/2014,16:30,80.06,80.34,79.93,80.00,0,0,0.31,0.00,0.00
05/16/2014,16:30,80.05,80.12,79.97,80.04,0,0,0.45,0.00,0.00
05/19/2014,16:30,80.05,80.04,79.88,79.99,0,0,0.23,0.00,0.00
05/20/2014,16:30,80.02,80.13,80.00,80.04,0,0,0.72,0.00,0.00
05/21/2014,16:30,80.05,80.30,79.89,80.10,0,0,0.72,0.00,0.00
05/22/2014,16:30,80.06,80.28,80.07,80.25,0,0,0.92,0.00,0.00
05/23/2014,16:30,80.22,80.44,80.23,80.39,0,0,1.13,0.00,0.00
05/26/2014,16:30,80.39,80.43,80.24,80.28,0,0,1.50,0.00,0.00
05/27/2014,16:30,80.29,80.47,80.17,80.35,0,0,1.45,0.00,0.00
05/28/2014,16:30,80.35,80.58,80.32,80.57,0,0,1.52,0.00,0.00
05/29/2014,16:30,80.56,80.56,80.36,80.49,0,0,0.74,0.00,0.00
05/30/2014,16:30,80.49,80.50,80.31,80.37,0,0,0.59,0.00,0.00
06/02/2014,16:30,80.39,80.68,80.39,80.64,0,0,0.62,0.00,0.00
06/03/2014,16:30,80.62,80.66,80.43,80.55,0,0,0.60,0.00,0.00
06/04/2014,16:30,80.54,80.68,80.48,80.66,0,0,0.82,0.00,0.00
06/05/2014,16:30,80.66,81.02,80.32,80.37,0,0,0.41,0.00,0.00
06/06/2014,16:30,80.35,80.53,80.24,80.41,0,0,0.53,0.00,0.00
06/09/2014,16:30,80.42,80.68,80.30,80.65,0,0,0.76,0.00,0.00
06/10/2014,16:30,80.62,80.86,80.55,80.82,0,0,0.90,0.00,0.00
06/11/2014,16:30,80.80,80.90,80.67,80.79,0,0,0.67,0.00,0.00
06/12/2014,16:30,80.77,80.82,80.52,80.58,0,0,0.24,0.00,0.00
06/13/2014,16:30,80.58,80.71,80.44,80.58,0,0,0.37,0.00,0.00
06/16/2014,16:30,80.60,80.71,80.42,80.47,0,0,0.15,0.00,0.00
06/17/2014,16:30,80.44,80.66,80.40,80.63,0,0,0.07,0.00,0.00
06/18/2014,16:30,80.61,80.67,80.36,80.58,0,0,0.11,0.00,0.00
06/19/2014,16:30,80.39,80.41,80.15,80.32,0,0,-0.06,0.00,0.00
06/20/2014,16:30,80.31,80.49,80.20,80.37,0,0,-0.33,0.00,0.00
06/23/2014,16:30,80.36,80.40,80.24,80.27,0,0,-0.35,0.00,0.00
06/24/2014,16:30,80.28,80.43,80.19,80.33,0,0,-0.41,0.00,0.00
06/25/2014,16:30,80.31,80.35,80.09,80.22,0,0,-0.19,0.00,0.00
06/26/2014,16:30,80.21,80.38,80.14,80.22,0,0,-0.24,0.00,0.00
06/27/2014,16:30,80.22,80.21,80.01,80.04,0,0,-0.76,0.00,0.00
06/30/2014,16:30,80.04,80.08,79.76,79.78,0,0,-1.29,0.00,0.00
07/01/2014,16:30,79.80,79.87,79.74,79.82,0,0,-1.20,0.00,0.00
07/02/2014,16:30,79.81,80.00,79.80,79.96,0,0,-0.77,0.00,0.00
07/03/2014,16:30,79.94,80.32,79.95,80.21,0,0,-0.46,0.00,0.00
07/04/2014,16:30,80.21,80.30,80.18,80.27,0,0,-0.25,0.00,0.00
07/07/2014,16:30,80.26,80.36,80.19,80.22,0,0,-0.51,0.00,0.00
07/08/2014,16:30,80.24,80.30,80.14,80.18,0,0,-0.50,0.00,0.00
07/09/2014,16:30,80.18,80.23,79.98,79.99,0,0,-0.41,0.00,0.00
07/10/2014,16:30,80.02,80.20,79.98,80.13,0,0,-0.30,0.00,0.00
07/11/2014,16:30,80.12,80.23,80.03,80.19,0,0,-0.10,0.00,0.00
07/14/2014,16:30,80.19,80.25,80.08,80.19,0,0,-0.17,0.00,0.00
07/15/2014,16:30,80.17,80.41,80.14,80.39,0,0,0.21,0.00,0.00
07/16/2014,16:30,80.38,80.58,80.38,80.56,0,0,0.42,0.00,0.00
07/17/2014,16:30,80.55,80.59,80.47,80.50,0,0,0.57,0.00,0.00
07/18/2014,16:30,80.51,80.69,80.48,80.52,0,0,0.93,0.00,0.00
07/21/2014,16:30,80.53,80.60,80.42,80.56,0,0,0.93,0.00,0.00
07/22/2014,16:30,80.56,80.84,80.54,80.78,0,0,1.03,0.00,0.00
07/23/2014,16:30,80.78,80.83,80.72,80.82,0,0,0.76,0.00,0.00
07/24/2014,16:30,80.82,80.91,80.73,80.87,0,0,0.75,0.00,0.00
07/25/2014,16:30,80.86,81.08,80.80,81.03,0,0,1.01,0.00,0.00
07/28/2014,16:30,81.03,81.05,80.98,81.03,0,0,1.06,0.00,0.00
07/29/2014,16:30,81.00,81.25,80.99,81.21,0,0,1.53,0.00,0.00
07/30/2014,16:30,81.21,81.54,81.18,81.43,0,0,1.62,0.00,0.00
07/31/2014,16:30,81.41,81.57,81.38,81.46,0,0,1.58,0.00,0.00
08/01/2014,16:30,81.46,81.54,81.19,81.30,0,0,1.38,0.00,0.00
08/04/2014,16:30,81.30,81.38,81.29,81.33,0,0,1.17,0.00,0.00
08/05/2014,16:30,81.31,81.63,81.29,81.33,0,0,0.96,0.00,0.00
08/06/2014,16:30,81.52,81.72,81.40,81.44,0,0,1.17,0.00,0.00
08/07/2014,16:30,81.40,81.64,81.38,81.52,0,0,1.24,0.00,0.00
08/08/2014,16:30,81.52,81.60,81.26,81.39,0,0,1.03,0.00,0.00
08/11/2014,16:30,81.42,81.49,81.40,81.47,0,0,0.85,0.00,0.00
08/12/2014,16:30,81.46,81.68,81.47,81.50,0,0,0.84,0.00,0.00
08/13/2014,16:30,81.51,81.68,81.36,81.60,0,0,0.90,0.00,0.00
08/14/2014,16:30,81.60,81.69,81.40,81.59,0,0,0.69,0.00,0.00
08/15/2014,16:30,81.58,81.62,81.38,81.42,0,0,0.48,0.00,0.00
08/18/2014,16:30,81.41,81.61,81.38,81.58,0,0,0.46,0.00,0.00
08/19/2014,16:30,81.57,81.90,81.59,81.88,0,0,0.55,0.00,0.00
08/20/2014,16:30,81.88,82.28,81.87,82.23,0,0,0.95,0.00,0.00
08/21/2014,16:30,82.25,82.36,82.10,82.15,0,0,1.05,0.00,0.00
08/22/2014,16:30,82.15,82.46,82.06,82.34,0,0,1.24,0.00,0.00
08/25/2014,16:30,82.55,82.59,82.45,82.55,0,0,1.50,0.00,0.00
08/26/2014,16:30,82.56,82.70,82.43,82.65,0,0,1.49,0.00,0.00
08/27/2014,16:30,82.67,82.73,82.40,82.43,0,0,1.12,0.00,0.00
08/28/2014,16:30,82.46,82.59,82.32,82.48,0,0,1.34,0.00,0.00
08/29/2014,16:30,82.48,82.75,82.42,82.75,0,0,1.57,0.00,0.00
09/01/2014,16:30,82.75,82.80,82.67,82.76,0,0,1.55,0.00,0.00
09/02/2014,16:30,82.78,83.04,82.75,82.99,0,0,1.70,0.00,0.00
09/03/2014,16:30,82.97,83.06,82.83,82.86,0,0,1.56,0.00,0.00
09/04/2014,16:30,82.84,83.86,82.84,83.82,0,0,2.95,0.00,0.00
09/05/2014,16:30,83.83,83.94,83.56,83.74,0,0,2.65,0.00,0.00
09/08/2014,16:30,83.83,84.35,83.80,84.23,0,0,2.87,0.00,0.00
09/09/2014,16:30,84.31,84.52,84.04,84.28,0,0,2.49,0.00,0.00
09/10/2014,16:30,84.14,84.42,84.05,84.28,0,0,2.59,0.00,0.00
09/11/2014,16:30,84.24,84.34,84.07,84.30,0,0,2.38,0.00,0.00
09/12/2014,16:30,84.28,84.41,84.08,84.24,0,0,2.05,0.00,0.00
09/15/2014,16:30,84.14,84.41,84.15,84.26,0,0,1.95,0.00,0.00
09/16/2014,16:30,84.24,84.37,83.86,84.07,0,0,1.99,0.00,0.00
09/17/2014,16:30,84.07,84.71,83.94,84.35,0,0,2.27,0.00,0.00
09/18/2014,16:30,84.64,84.74,84.22,84.32,0,0,1.90,0.00,0.00
09/19/2014,16:30,84.28,84.80,84.23,84.74,0,0,2.39,0.00,0.00
09/22/2014,16:30,84.77,84.86,84.52,84.75,0,0,2.12,0.00,0.00
09/23/2014,16:30,84.70,84.76,84.36,84.66,0,0,2.17,0.00,0.00
09/24/2014,16:30,84.72,85.09,84.60,85.04,0,0,1.46,0.00,0.00
09/25/2014,16:30,85.05,85.49,85.05,85.19,0,0,1.73,0.00,0.00
09/26/2014,16:30,85.19,85.69,85.11,85.64,0,0,1.67,0.00,0.00
09/29/2014,16:30,85.65,85.80,85.46,85.59,0,0,1.55,0.00,0.00
09/30/2014,16:30,85.63,86.22,85.49,85.94,0,0,1.97,0.00,0.00
10/01/2014,16:30,85.91,86.18,85.78,85.97,0,0,1.98,0.00,0.00
10/02/2014,16:30,85.89,85.90,85.45,85.60,0,0,1.61,0.00,0.00
10/03/2014,16:30,85.63,86.75,85.63,86.69,0,0,2.88,0.00,0.00
10/06/2014,16:30,86.65,86.68,85.64,85.93,0,0,2.21,0.00,0.00
10/07/2014,16:30,85.75,86.10,85.55,85.67,0,0,1.56,0.00,0.00
10/08/2014,16:30,85.66,85.92,85.20,85.30,0,0,1.16,0.00,0.00
10/09/2014,16:30,85.29,85.67,84.94,85.52,0,0,0.92,0.00,0.00
10/10/2014,16:30,85.53,85.98,85.40,85.91,0,0,1.37,0.00,0.00
10/13/2014,16:30,85.82,85.75,85.07,85.53,0,0,1.03,0.00,0.00
10/14/2014,16:30,85.14,85.88,85.28,85.82,0,0,0.92,0.00,0.00
10/15/2014,16:30,85.81,86.01,84.47,85.15,0,0,-0.05,0.00,0.00
10/16/2014,16:30,84.85,85.43,84.74,84.96,0,0,-0.79,0.00,0.00
10/17/2014,16:30,84.92,85.25,84.76,85.11,0,0,-0.56,0.00,0.00
10/20/2014,16:30,85.23,85.38,84.90,84.95,0,0,-1.15,0.00,0.00
10/21/2014,16:30,85.01,85.37,84.74,85.30,0,0,-0.78,0.00,0.00
10/22/2014,16:30,85.37,85.79,85.23,85.74,0,0,0.16,0.00,0.00
10/23/2014,16:30,85.75,85.94,85.66,85.84,0,0,-0.98,0.00,0.00
10/24/2014,16:30,85.84,85.91,85.54,85.73,0,0,-0.23,0.00,0.00
10/27/2014,16:30,85.69,85.71,85.41,85.50,0,0,-0.20,0.00,0.00
10/28/2014,16:30,85.57,85.68,85.24,85.41,0,0,0.13,0.00,0.00
10/29/2014,16:30,85.42,86.04,85.19,85.95,0,0,0.50,0.00,0.00
10/30/2014,16:30,86.03,86.49,85.99,86.15,0,0,0.28,0.00,0.00
10/31/2014,16:30,86.12,87.13,86.15,86.92,0,0,1.63,0.00,0.00
11/03/2014,16:30,87.05,87.41,87.02,87.31,0,0,1.74,0.00,0.00
11/04/2014,16:30,87.36,87.30,86.88,86.98,0,0,2.15,0.00,0.00
11/05/2014,16:30,87.04,87.61,86.94,87.44,0,0,2.92,0.00,0.00
11/06/2014,16:30,87.41,88.15,87.13,88.01,0,0,3.41,0.00,0.00
11/07/2014,16:30,88.10,88.19,87.47,87.64,0,0,3.17,0.00,0.00
11/10/2014,16:30,87.50,87.83,87.22,87.81,0,0,2.94,0.00,0.00
11/11/2014,16:30,87.81,88.06,87.36,87.53,0,0,2.09,0.00,0.00
11/12/2014,16:30,87.60,87.90,87.39,87.82,0,0,2.31,0.00,0.00
11/13/2014,16:30,87.80,87.88,87.62,87.67,0,0,2.26,0.00,0.00
11/14/2014,16:30,87.76,88.27,87.40,87.53,0,0,2.37,0.00,0.00
11/17/2014,16:30,87.54,87.97,87.18,87.93,0,0,2.95,0.00,0.00
11/18/2014,16:30,87.95,87.97,87.51,87.57,0,0,1.88,0.00,0.00
11/19/2014,16:30,87.60,87.78,87.35,87.65,0,0,1.74,0.00,0.00
11/20/2014,16:30,87.61,87.94,87.49,87.59,0,0,0.77,0.00,0.00
11/21/2014,16:30,87.68,88.39,87.45,88.31,0,0,1.15,0.00,0.00
11/24/2014,16:30,88.37,88.44,88.07,88.15,0,0,1.35,0.00,0.00
11/25/2014,16:30,88.11,88.33,87.82,87.92,0,0,0.55,0.00,0.00
11/26/2014,16:30,87.90,88.04,87.52,87.61,0,0,-0.45,0.00,0.00
11/27/2014,16:30,87.66,87.97,87.53,87.95,0,0,0.35,0.00,0.00
11/28/2014,16:30,87.95,88.39,87.94,88.28,0,0,0.54,0.00,0.00
12/01/2014,16:30,88.26,88.45,87.78,87.95,0,0,0.48,0.00,0.00
12/02/2014,16:30,88.00,88.67,87.95,88.65,0,0,0.95,0.00,0.00
12/03/2014,16:30,88.64,89.00,88.58,88.96,0,0,1.47,0.00,0.00
12/04/2014,16:30,88.96,89.12,88.21,88.70,0,0,1.34,0.00,0.00
12/05/2014,16:30,88.64,89.47,88.57,89.33,0,0,1.59,0.00,0.00
12/08/2014,16:30,89.39,89.55,88.91,89.04,0,0,1.68,0.00,0.00
12/09/2014,16:30,89.12,89.27,88.15,88.69,0,0,1.19,0.00,0.00
12/10/2014,16:30,88.73,88.81,88.19,88.27,0,0,0.78,0.00,0.00
12/11/2014,16:30,88.24,88.79,87.91,88.66,0,0,0.40,0.00,0.00
12/12/2014,16:30,88.48,88.64,88.11,88.36,0,0,0.24,0.00,0.00
12/15/2014,16:30,88.24,88.63,88.17,88.46,0,0,0.61,0.00,0.00
12/16/2014,16:30,88.50,88.51,87.63,88.13,0,0,0.59,0.00,0.00
12/17/2014,16:30,87.93,89.14,87.90,89.13,0,0,1.34,0.00,0.00
12/18/2014,16:30,89.04,89.40,88.92,89.24,0,0,1.09,0.00,0.00
12/19/2014,16:30,89.22,89.65,89.18,89.60,0,0,1.88,0.00,0.00
12/22/2014,16:30,89.60,89.79,89.37,89.77,0,0,1.26,0.00,0.00
12/23/2014,16:30,89.73,90.16,89.63,90.06,0,0,1.24,0.00,0.00
12/24/2014,16:30,90.07,90.08,89.81,89.89,0,0,1.34,0.00,0.00
12/26/2014,16:30,89.82,90.08,89.78,90.03,0,0,0.78,0.00,0.00
12/29/2014,16:30,89.99,90.26,89.79,90.19,0,0,1.29,0.00,0.00
12/30/2014,16:30,90.19,90.32,89.81,89.99,0,0,1.47,0.00,0.00
12/31/2014,16:30,89.96,90.30,89.86,90.27,0,0,2.27,0.00,0.00
01/02/2015,16:30,90.27,91.16,90.33,91.08,0,0,2.73,0.00,0.00
01/05/2015,16:30,91.54,91.78,91.23,91.38,0,0,3.42,0.00,0.00
01/06/2015,16:30,91.43,91.81,91.12,91.50,0,0,3.44,0.00,0.00
01/07/2015,16:30,91.75,92.26,91.65,91.89,0,0,4.27,0.00,0.00
01/08/2015,16:30,92.00,92.53,91.93,92.37,0,0,3.64,0.00,0.00
01/09/2015,16:30,92.31,92.50,91.89,91.93,0,0,3.01,0.00,0.00
01/12/2015,16:30,91.87,92.34,91.72,91.98,0,0,2.66,0.00,0.00
01/13/2015,16:30,92.04,92.43,91.81,92.31,0,0,2.83,0.00,0.00
01/14/2015,16:30,92.25,92.42,91.61,92.16,0,0,2.33,0.00,0.00
01/15/2015,16:30,92.08,92.75,91.51,92.35,0,0,2.74,0.00,0.00
01/16/2015,16:30,92.17,93.26,92.08,92.52,0,0,2.77,0.00,0.00
01/19/2015,16:30,92.70,92.72,92.33,92.56,0,0,2.63,0.00,0.00
01/20/2015,16:30,92.56,93.10,92.55,93.05,0,0,3.40,0.00,0.00
01/21/2015,16:30,93.03,93.09,92.15,92.90,0,0,2.91,0.00,0.00
01/22/2015,16:30,92.77,94.50,92.48,94.08,0,0,3.29,0.00,0.00
01/23/2015,16:30,94.20,95.48,94.11,94.76,0,0,3.70,0.00,0.00
01/26/2015,16:30,95.34,95.33,94.59,94.80,0,0,3.61,0.00,0.00
01/27/2015,16:30,94.93,95.01,93.70,94.02,0,0,2.32,0.00,0.00
01/28/2015,16:30,94.01,94.68,93.97,94.47,0,0,2.27,0.00,0.00
01/29/2015,16:30,94.65,95.01,94.33,94.78,0,0,3.10,0.00,0.00
01/30/2015,16:30,94.71,94.92,94.43,94.80,0,0,3.07,0.00,0.00
02/02/2015,16:30,94.66,94.88,94.37,94.50,0,0,2.37,0.00,0.00
02/03/2015,16:30,94.57,94.70,93.25,93.60,0,0,1.56,0.00,0.00
02/04/2015,16:30,93.65,94.53,93.61,93.99,0,0,1.78,0.00,0.00
02/05/2015,16:30,94.41,94.55,93.42,93.57,0,0,1.13,0.00,0.00
02/06/2015,16:30,93.50,94.76,93.52,94.70,0,0,2.31,0.00,0.00
02/09/2015,16:30,94.75,94.88,94.36,94.45,0,0,1.50,0.00,0.00
02/10/2015,16:30,94.56,94.88,94.40,94.76,0,0,2.00,0.00,0.00
02/11/2015,16:30,94.75,95.11,94.64,94.99,0,0,0.97,0.00,0.00
02/12/2015,16:30,94.79,94.97,93.98,94.09,0,0,-0.71,0.00,0.00
02/13/2015,16:30,94.19,94.31,93.90,94.20,0,0,-0.63,0.00,0.00
02/16/2015,16:30,94.11,94.54,93.90,94.34,0,0,0.34,0.00,0.00
02/17/2015,16:30,94.36,94.51,93.80,94.06,0,0,-0.43,0.00,0.00
02/18/2015,16:30,94.08,94.53,93.99,94.20,0,0,-0.61,0.00,0.00
02/19/2015,16:30,94.08,94.45,93.83,94.40,0,0,-0.42,0.00,0.00
02/20/2015,16:30,94.39,94.79,94.05,94.25,0,0,-0.26,0.00,0.00
02/23/2015,16:30,94.27,94.92,94.28,94.57,0,0,1.04,0.00,0.00
02/24/2015,16:30,94.55,94.99,94.43,94.49,0,0,0.53,0.00,0.00
02/25/2015,16:30,94.47,94.48,94.13,94.21,0,0,0.68,0.00,0.00
02/26/2015,16:30,94.20,95.36,94.06,95.29,0,0,0.62,0.00,0.00
02/27/2015,16:30,95.27,95.36,94.90,95.29,0,0,0.89,0.00,0.00
03/02/2015,16:30,95.33,95.51,95.06,95.46,0,0,0.74,0.00,0.00
03/03/2015,16:30,95.45,95.57,95.10,95.38,0,0,0.41,0.00,0.00
03/04/2015,16:30,95.40,96.06,95.32,95.96,0,0,1.99,0.00,0.00
03/05/2015,16:30,95.92,96.59,95.84,96.38,0,0,2.31,0.00,0.00
03/06/2015,16:30,96.33,97.73,96.30,97.61,0,0,3.47,0.00,0.00
03/09/2015,16:30,97.79,97.78,97.29,97.59,0,0,3.75,0.00,0.00
03/10/2015,16:30,97.65,98.81,97.78,98.62,0,0,4.69,0.00,0.00
03/11/2015,16:30,98.75,99.99,98.49,99.79,0,0,5.71,0.00,0.00
03/12/2015,16:30,99.76,100.06,98.65,99.43,0,0,5.50,0.00,0.00
03/13/2015,16:30,99.21,100.39,99.20,100.33,0,0,6.09,0.00,0.00
03/16/2015,16:30,100.25,100.27,99.32,99.60,0,0,5.41,0.00,0.00
03/17/2015,16:30,99.68,99.83,99.23,99.58,0,0,5.70,0.00,0.00
03/18/2015,16:30,99.63,99.80,96.63,98.55,0,0,3.42,0.00,0.00
03/19/2015,16:30,97.52,99.46,97.21,99.26,0,0,4.17,0.00,0.00
03/20/2015,16:30,99.13,99.12,97.45,97.91,0,0,2.57,0.00,0.00
03/23/2015,16:30,97.61,98.24,96.83,97.03,0,0,1.73,0.00,0.00
03/24/2015,16:30,97.01,97.38,96.39,97.19,0,0,1.28,0.00,0.00
03/25/2015,16:30,97.15,97.30,96.54,96.98,0,0,0.62,0.00,0.00
03/26/2015,16:30,96.88,97.55,96.17,97.44,0,0,-0.17,0.00,0.00
03/27/2015,16:30,97.41,97.92,96.99,97.29,0,0,-0.31,0.00,0.00
03/30/2015,16:30,97.38,98.07,97.42,97.97,0,0,-0.66,0.00,0.00
03/31/2015,16:30,97.95,98.67,97.83,98.36,0,0,-1.43,0.00,0.00
04/01/2015,16:30,98.44,98.64,97.98,98.18,0,0,-1.26,0.00,0.00
04/02/2015,16:30,98.21,98.28,97.33,97.44,0,0,-2.88,0.00,0.00
04/03/2015,16:30,97.49,97.61,96.39,96.78,0,0,-2.83,0.00,0.00
04/06/2015,16:30,96.62,97.24,96.33,96.78,0,0,-2.81,0.00,0.00
04/07/2015,16:30,97.12,98.02,96.93,97.83,0,0,-0.73,0.00,0.00
04/08/2015,16:30,97.92,98.20,97.25,97.94,0,0,-1.33,0.00,0.00
04/09/2015,16:30,98.07,99.18,98.04,99.15,0,0,1.27,0.00,0.00
04/10/2015,16:30,99.01,99.69,98.84,99.34,0,0,2.38,0.00,0.00
04/13/2015,16:30,99.42,99.99,99.23,99.49,0,0,2.37,0.00,0.00
04/14/2015,16:30,99.48,99.70,98.37,98.73,0,0,1.80,0.00,0.00
04/15/2015,16:30,98.75,99.36,98.22,98.32,0,0,0.90,0.00,0.00
04/16/2015,16:30,98.29,98.72,97.28,97.42,0,0,0.13,0.00,0.00
04/17/2015,16:30,97.64,97.82,97.00,97.52,0,0,-0.46,0.00,0.00
04/20/2015,16:30,97.36,98.07,97.33,97.94,0,0,-0.43,0.00,0.00
04/21/2015,16:30,97.91,98.46,97.64,98.00,0,0,-0.18,0.00,0.00
04/22/2015,16:30,98.00,98.12,97.43,97.93,0,0,0.50,0.00,0.00
04/23/2015,16:30,98.04,98.43,97.14,97.28,0,0,0.52,0.00,0.00
04/24/2015,16:30,97.30,97.56,96.75,96.92,0,0,0.14,0.00,0.00
04/27/2015,16:30,96.94,97.28,96.47,96.76,0,0,-1.09,0.00,0.00
04/28/2015,16:30,96.70,96.93,96.01,96.09,0,0,-1.89,0.00,0.00
04/29/2015,16:30,96.08,96.18,94.68,95.21,0,0,-3.97,0.00,0.00
04/30/2015,16:30,95.15,95.45,94.40,94.60,0,0,-4.77,0.00,0.00
05/01/2015,16:30,94.79,95.40,94.50,95.30,0,0,-4.21,0.00,0.00
05/04/2015,16:30,95.25,95.64,95.04,95.48,0,0,-3.29,0.00,0.00
05/05/2015,16:30,95.42,95.95,94.88,95.08,0,0,-3.30,0.00,0.00
05/06/2015,16:30,95.12,95.22,93.88,94.09,0,0,-3.42,0.00,0.00
05/07/2015,16:30,94.12,94.82,93.89,94.64,0,0,-2.95,0.00,0.00
05/08/2015,16:30,94.54,95.07,94.32,94.79,0,0,-3.22,0.00,0.00
05/11/2015,16:30,94.80,95.26,94.80,95.01,0,0,-3.05,0.00,0.00
05/12/2015,16:30,95.01,95.16,94.24,94.53,0,0,-3.47,0.00,0.00
05/13/2015,16:30,94.57,94.59,93.46,93.62,0,0,-3.76,0.00,0.00
05/14/2015,16:30,93.66,93.76,93.13,93.46,0,0,-3.57,0.00,0.00
05/15/2015,16:30,93.34,94.03,93.14,93.14,0,0,-3.74,0.00,0.00
05/18/2015,16:30,93.25,94.27,93.27,94.22,0,0,-1.95,0.00,0.00
05/19/2015,16:30,94.19,95.47,94.09,95.27,0,0,0.06,0.00,0.00
05/20/2015,16:30,95.30,95.84,95.26,95.45,0,0,0.90,0.00,0.00
05/21/2015,16:30,95.60,95.65,94.97,95.25,0,0,-0.05,0.00,0.00
05/22/2015,16:30,95.34,96.27,94.82,96.01,0,0,0.56,0.00,0.00
05/25/2015,16:30,96.21,96.47,96.17,96.38,0,0,1.37,0.00,0.00
05/26/2015,16:30,96.40,97.36,96.45,97.30,0,0,3.41,0.00,0.00
05/27/2015,16:30,97.28,97.78,96.89,97.37,0,0,2.88,0.00,0.00
05/28/2015,16:30,97.26,97.63,96.94,96.96,0,0,2.29,0.00,0.00
05/29/2015,16:30,96.92,97.19,96.75,96.90,0,0,1.99,0.00,0.00
06/01/2015,16:30,96.88,97.68,96.93,97.39,0,0,3.03,0.00,0.00
06/02/2015,16:30,97.43,97.53,95.67,95.83,0,0,2.36,0.00,0.00
06/03/2015,16:30,95.92,96.51,95.21,95.46,0,0,2.14,0.00,0.00
06/04/2015,16:30,95.32,95.57,94.65,95.46,0,0,2.49,0.00,0.00
06/05/2015,16:30,95.54,96.91,95.36,96.31,0,0,2.22,0.00,0.00
06/08/2015,16:30,96.38,96.55,95.05,95.30,0,0,0.03,0.00,0.00
06/09/2015,16:30,95.22,95.58,94.85,95.17,0,0,-0.29,0.00,0.00
06/10/2015,16:30,95.15,95.23,94.32,94.65,0,0,-0.63,0.00,0.00
06/11/2015,16:30,94.60,95.60,94.71,94.98,0,0,-1.07,0.00,0.00
06/12/2015,16:30,95.01,95.68,94.69,94.97,0,0,-1.46,0.00,0.00
06/15/2015,16:30,95.13,95.39,94.73,94.81,0,0,-2.56,0.00,0.00
06/16/2015,16:30,94.82,95.23,94.56,95.00,0,0,-2.43,0.00,0.00
06/17/2015,16:30,94.93,95.18,94.11,94.30,0,0,-2.74,0.00,0.00
06/18/2015,16:30,94.28,94.23,93.56,94.04,0,0,-2.95,0.00,0.00
06/19/2015,16:30,94.04,94.50,93.90,94.08,0,0,-3.40,0.00,0.00
06/22/2015,16:30,94.03,94.45,93.81,94.33,0,0,-1.57,0.00,0.00
06/23/2015,16:30,94.36,95.64,94.30,95.43,0,0,-0.03,0.00,0.00
06/24/2015,16:30,95.46,95.54,94.93,95.26,0,0,-0.21,0.00,0.00
06/25/2015,16:30,95.25,95.51,95.09,95.19,0,0,-1.16,0.00,0.00
06/26/2015,16:30,95.19,95.67,95.08,95.47,0,0,0.18,0.00,0.00
06/29/2015,16:30,96.22,96.37,94.68,94.79,0,0,-0.40,0.00,0.00
06/30/2015,16:30,94.90,95.68,94.85,95.49,0,0,0.89,0.00,0.00
07/01/2015,16:30,95.55,96.35,95.47,96.31,0,0,1.40,0.00,0.00
07/02/2015,16:30,96.27,96.42,95.87,96.11,0,0,1.20,0.00,0.00
07/03/2015,16:30,96.10,96.22,95.87,95.98,0,0,1.23,0.00,0.00
07/06/2015,16:30,96.51,96.63,96.01,96.30,0,0,1.37,0.00,0.00
07/07/2015,16:30,96.26,97.24,96.31,96.86,0,0,2.71,0.00,0.00
07/08/2015,16:30,96.70,96.88,96.12,96.29,0,0,2.39,0.00,0.00
07/09/2015,16:30,96.21,96.75,95.97,96.61,0,0,2.69,0.00,0.00
07/10/2015,16:30,96.47,96.39,95.45,96.03,0,0,1.80,0.00,0.00
07/13/2015,16:30,96.03,96.86,95.63,96.86,0,0,1.50,0.00,0.00
07/14/2015,16:30,96.81,97.05,96.26,96.64,0,0,1.45,0.00,0.00
07/15/2015,16:30,96.64,97.31,96.53,97.17,0,0,2.08,0.00,0.00
07/16/2015,16:30,97.15,97.76,97.17,97.67,0,0,2.30,0.00,0.00
07/17/2015,16:30,97.63,97.98,97.42,97.86,0,0,3.24,0.00,0.00
07/20/2015,16:30,97.93,98.15,97.74,98.03,0,0,2.66,0.00,0.00
07/21/2015,16:30,98.07,98.15,97.14,97.33,0,0,1.06,0.00,0.00
07/22/2015,16:30,97.35,97.79,97.11,97.60,0,0,1.55,0.00,0.00
07/23/2015,16:30,97.43,97.51,96.89,97.11,0,0,1.18,0.00,0.00
07/24/2015,16:30,97.18,97.62,97.12,97.24,0,0,0.98,0.00,0.00
07/27/2015,16:30,97.25,97.29,96.29,96.50,0,0,-0.37,0.00,0.00
07/28/2015,16:30,96.55,96.97,96.47,96.77,0,0,0.50,0.00,0.00
07/29/2015,16:30,96.66,97.25,96.50,96.98,0,0,0.38,0.00,0.00
07/30/2015,16:30,97.15,97.77,97.17,97.56,0,0,1.59,0.00,0.00
07/31/2015,16:30,97.47,97.60,96.31,97.34,0,0,0.50,0.00,0.00
08/03/2015,16:30,97.27,97.58,97.15,97.49,0,0,0.88,0.00,0.00
08/04/2015,16:30,97.50,98.00,97.21,97.93,0,0,0.78,0.00,0.00
08/05/2015,16:30,97.96,98.22,97.64,97.96,0,0,0.30,0.00,0.00
08/06/2015,16:30,97.89,98.16,97.63,97.83,0,0,-0.03,0.00,0.00
08/07/2015,16:30,97.82,98.33,97.51,97.56,0,0,-0.48,0.00,0.00
08/10/2015,16:30,97.59,97.92,97.04,97.16,0,0,-0.17,0.00,0.00
08/11/2015,16:30,97.16,97.59,96.88,97.29,0,0,-0.32,0.00,0.00
08/12/2015,16:30,97.18,97.33,95.93,96.26,0,0,-0.88,0.00,0.00
08/13/2015,16:30,96.32,96.81,96.12,96.44,0,0,-0.82,0.00,0.00
08/14/2015,16:30,96.38,96.68,96.09,96.52,0,0,0.02,0.00,0.00
08/17/2015,16:30,96.56,96.94,96.51,96.81,0,0,0.04,0.00,0.00
08/18/2015,16:30,96.83,97.07,96.68,97.04,0,0,0.06,0.00,0.00
08/19/2015,16:30,96.99,97.08,96.34,96.36,0,0,-1.23,0.00,0.00
08/20/2015,16:30,96.45,96.58,95.72,95.98,0,0,-1.40,0.00,0.00
08/21/2015,16:30,95.73,95.82,94.80,95.01,0,0,-2.54,0.00,0.00
08/24/2015,16:30,94.88,94.96,92.62,93.33,0,0,-4.70,0.00,0.00
08/25/2015,16:30,93.33,94.69,93.49,94.53,0,0,-3.50,0.00,0.00
08/26/2015,16:30,93.96,95.44,93.72,95.10,0,0,-2.79,0.00,0.00
08/27/2015,16:30,95.29,96.03,94.99,95.61,0,0,-2.00,0.00,0.00
08/28/2015,16:30,95.79,96.32,95.38,96.11,0,0,-1.08,0.00,0.00
08/31/2015,16:30,96.17,96.25,95.62,95.82,0,0,-1.51,0.00,0.00
09/01/2015,16:30,95.97,95.87,95.19,95.45,0,0,-0.84,0.00,0.00
09/02/2015,16:30,95.26,95.95,95.42,95.83,0,0,-0.63,0.00,0.00
09/03/2015,16:30,95.89,96.62,95.79,96.40,0,0,-0.12,0.00,0.00
09/04/2015,16:30,96.37,96.58,95.97,96.23,0,0,-0.60,0.00,0.00
09/07/2015,16:30,96.15,96.42,96.04,96.15,0,0,-0.92,0.00,0.00
09/08/2015,16:30,96.15,96.24,95.73,95.99,0,0,-0.38,0.00,0.00
09/09/2015,16:30,95.87,96.41,95.86,96.01,0,0,0.03,0.00,0.00
09/10/2015,16:30,95.97,96.19,95.40,95.46,0,0,0.47,0.00,0.00
09/11/2015,16:30,95.54,95.69,95.11,95.19,0,0,1.99,0.00,0.00
09/14/2015,16:30,95.20,95.45,94.91,95.25,0,0,0.76,0.00,0.00
09/15/2015,16:30,95.25,95.68,95.13,95.61,0,0,0.54,0.00,0.00
09/16/2015,16:30,95.63,95.85,95.16,95.42,0,0,-0.20,0.00,0.00
09/17/2015,16:30,95.33,95.39,94.36,94.55,0,0,-1.62,0.00,0.00
09/18/2015,16:30,94.44,95.38,94.06,94.86,0,0,-1.00,0.00,0.00
09/21/2015,16:30,95.31,95.98,95.04,95.89,0,0,0.46,0.00,0.00
09/22/2015,16:30,95.92,96.40,95.76,96.28,0,0,0.47,0.00,0.00
09/23/2015,16:30,96.34,96.55,96.02,96.07,0,0,-0.34,0.00,0.00
09/24/2015,16:30,96.21,96.30,95.46,95.99,0,0,-0.25,0.00,0.00
09/25/2015,16:30,96.12,96.70,96.12,96.27,0,0,0.12,0.00,0.00
09/28/2015,16:30,96.22,96.50,95.90,96.03,0,0,0.04,0.00,0.00
09/29/2015,16:30,95.93,96.24,95.71,95.86,0,0,-0.16,0.00,0.00
09/30/2015,16:30,95.92,96.41,95.85,96.35,0,0,0.93,0.00,0.00
10/01/2015,16:30,96.24,96.49,95.97,96.18,0,0,1.04,0.00,0.00
10/02/2015,16:30,96.16,96.38,95.22,95.83,0,0,0.61,0.00,0.00
10/05/2015,16:30,95.86,96.17,95.45,96.11,0,0,0.52,0.00,0.00
10/06/2015,16:30,96.05,96.16,95.40,95.46,0,0,0.04,0.00,0.00
10/07/2015,16:30,95.44,95.70,95.33,95.50,0,0,1.00,0.00,0.00
10/08/2015,16:30,95.60,95.61,94.98,95.32,0,0,0.48,0.00,0.00
10/09/2015,16:30,95.31,95.34,94.69,94.85,0,0,-1.08,0.00,0.00
10/12/2015,16:30,94.87,94.89,94.62,94.84,0,0,-1.50,0.00,0.00
10/13/2015,16:30,94.87,94.98,94.54,94.76,0,0,-1.36,0.00,0.00
10/14/2015,16:30,94.77,94.76,93.85,93.93,0,0,-2.15,0.00,0.00
10/15/2015,16:30,93.96,94.59,93.81,94.37,0,0,-1.97,0.00,0.00
10/16/2015,16:30,94.43,94.77,94.37,94.54,0,0,-1.55,0.00,0.00
10/19/2015,16:30,94.66,95.00,94.55,94.93,0,0,-0.97,0.00,0.00
10/20/2015,16:30,94.91,94.95,94.59,94.91,0,0,-1.49,0.00,0.00
10/21/2015,16:30,94.86,95.06,94.72,95.04,0,0,-1.19,0.00,0.00
10/22/2015,16:30,95.04,96.42,94.94,96.38,0,0,0.57,0.00,0.00
10/23/2015,16:30,96.36,97.20,96.15,97.13,0,0,1.06,0.00,0.00
10/26/2015,16:30,97.11,97.08,96.68,96.86,0,0,1.47,0.00,0.00
10/27/2015,16:30,96.81,96.97,96.58,96.91,0,0,1.48,0.00,0.00
10/28/2015,16:30,96.91,97.82,96.47,97.78,0,0,2.58,0.00,0.00
10/29/2015,16:30,97.62,97.69,97.23,97.28,0,0,2.56,0.00,0.00
10/30/2015,16:30,97.27,97.35,96.58,96.95,0,0,2.22,0.00,0.00
11/02/2015,16:30,96.78,96.96,96.64,96.93,0,0,2.29,0.00,0.00
11/03/2015,16:30,96.92,97.48,96.77,97.16,0,0,3.44,0.00,0.00
11/04/2015,16:30,97.21,98.05,97.17,97.95,0,0,3.79,0.00,0.00
11/05/2015,16:30,97.87,98.14,97.75,97.94,0,0,3.60,0.00,0.00
11/06/2015,16:30,97.98,99.35,97.89,99.17,0,0,4.47,0.00,0.00
11/09/2015,16:30,99.21,99.26,98.82,98.98,0,0,4.29,0.00,0.00
11/10/2015,16:30,98.99,99.50,98.94,99.29,0,0,4.47,0.00,0.00
11/11/2015,16:30,99.18,99.24,98.78,99.01,0,0,2.73,0.00,0.00
11/12/2015,16:30,98.93,99.29,98.43,98.65,0,0,1.56,0.00,0.00
11/13/2015,16:30,98.52,99.21,98.53,99.00,0,0,2.21,0.00,0.00
11/16/2015,16:30,98.97,99.46,98.87,99.44,0,0,2.61,0.00,0.00
11/17/2015,16:30,99.39,99.75,99.36,99.63,0,0,1.89,0.00,0.00
11/18/2015,16:30,99.66,99.85,99.31,99.65,0,0,2.44,0.00,0.00
11/19/2015,16:30,99.56,99.48,98.74,98.99,0,0,2.10,0.00,0.00
11/20/2015,16:30,98.96,99.65,98.96,99.57,0,0,2.72,0.00,0.00
11/23/2015,16:30,99.66,100.00,99.53,99.80,0,0,2.72,0.00,0.00
11/24/2015,16:30,99.72,99.79,99.47,99.53,0,0,1.61,0.00,0.00
11/25/2015,16:30,99.63,100.17,99.31,99.79,0,0,1.89,0.00,0.00
11/26/2015,16:30,99.74,99.91,99.71,99.79,0,0,0.63,0.00,0.00
11/27/2015,16:30,99.85,100.20,99.66,100.05,0,0,1.08,0.00,0.00
11/30/2015,16:30,100.08,100.31,100.05,100.17,0,0,0.89,0.00,0.00
12/01/2015,16:30,100.22,100.26,99.72,99.79,0,0,0.79,0.00,0.00
12/02/2015,16:30,99.78,100.51,99.78,99.99,0,0,1.36,0.00,0.00
12/03/2015,16:30,99.99,100.47,97.59,97.62,0,0,-1.39,0.00,0.00
12/04/2015,16:30,97.88,98.61,97.75,98.35,0,0,-1.10,0.00,0.00
12/07/2015,16:30,98.35,98.90,98.30,98.65,0,0,-0.98,0.00,0.00
12/08/2015,16:30,98.70,98.76,98.34,98.47,0,0,-1.18,0.00,0.00
12/09/2015,16:30,98.38,98.52,97.22,97.35,0,0,-1.66,0.00,0.00
12/10/2015,16:30,97.38,97.99,97.36,97.94,0,0,-1.64,0.00,0.00
12/11/2015,16:30,97.90,98.10,97.33,97.57,0,0,-2.23,0.00,0.00
12/14/2015,16:30,97.62,97.93,97.28,97.60,0,0,-1.94,0.00,0.00
12/15/2015,16:30,97.62,98.29,97.19,98.22,0,0,-1.57,0.00,0.00
12/16/2015,16:30,98.16,98.56,97.65,97.87,0,0,-1.92,0.00,0.00
12/17/2015,16:30,98.39,99.29,98.39,99.27,0,0,-0.78,0.00,0.00
12/18/2015,16:30,99.03,99.18,98.64,98.70,0,0,-1.47,0.00,0.00
12/21/2015,16:30,98.76,98.84,98.29,98.36,0,0,-1.43,0.00,0.00
12/22/2015,16:30,98.44,98.51,98.00,98.24,0,0,-1.75,0.00,0.00
12/23/2015,16:30,98.22,98.60,98.18,98.34,0,0,0.74,0.00,0.00
12/24/2015,16:30,98.35,98.35,97.83,97.98,0,0,-0.38,0.00,0.00
12/28/2015,16:30,97.88,98.03,97.81,97.92,0,0,-0.74,0.00,0.00
12/29/2015,16:30,97.98,98.41,97.80,98.10,0,0,-0.38,0.00,0.00
12/30/2015,16:30,98.25,98.41,98.11,98.27,0,0,0.95,0.00,0.00
12/31/2015,16:30,98.24,98.69,98.24,98.63,0,0,0.70,0.00,0.00
01/04/2016,16:30,98.62,99.18,98.05,98.87,0,0,1.33,0.00,0.00
01/05/2016,16:30,98.83,99.63,98.75,99.40,0,0,1.84,0.00,0.00
01/06/2016,16:30,99.38,99.58,99.11,99.18,0,0,0.98,0.00,0.00
01/07/2016,16:30,99.22,99.30,98.17,98.22,0,0,0.36,0.00,0.00
01/08/2016,16:30,98.25,99.18,98.25,98.54,0,0,-0.74,0.00,0.00
01/11/2016,16:30,98.33,98.89,98.25,98.72,0,0,0.02,0.00,0.00
01/12/2016,16:30,98.85,99.28,98.57,98.97,0,0,0.62,0.00,0.00
01/13/2016,16:30,98.95,99.33,98.86,98.93,0,0,0.70,0.00,0.00
01/14/2016,16:30,98.93,99.26,98.59,99.09,0,0,0.76,0.00,0.00
01/15/2016,16:30,99.07,99.12,98.38,98.96,0,0,1.00,0.00,0.00
01/18/2016,16:30,98.94,99.20,98.88,98.96,0,0,1.06,0.00,0.00
01/19/2016,16:30,99.12,99.31,98.86,98.99,0,0,0.91,0.00,0.00
01/20/2016,16:30,99.15,99.18,98.63,99.09,0,0,0.83,0.00,0.00
01/21/2016,16:30,99.10,99.80,98.91,99.06,0,0,0.44,0.00,0.00
01/22/2016,16:30,99.10,99.59,99.10,99.57,0,0,0.71,0.00,0.00
01/25/2016,16:30,99.56,99.56,99.23,99.36,0,0,-0.04,0.00,0.00
01/26/2016,16:30,99.29,99.46,99.00,99.36,0,0,0.18,0.00,0.00
01/27/2016,16:30,99.03,99.16,98.71,98.90,0,0,0.69,0.00,0.00
01/28/2016,16:30,98.98,99.11,98.43,98.51,0,0,-0.03,0.00,0.00
01/29/2016,16:30,98.61,99.83,98.58,99.61,0,0,0.90,0.00,0.00
02/01/2016,16:30,99.55,99.63,98.93,99.01,0,0,0.04,0.00,0.00
02/02/2016,16:30,99.03,99.09,98.78,98.87,0,0,-0.06,0.00,0.00
02/03/2016,16:30,98.86,98.94,96.89,97.29,0,0,-1.82,0.00,0.00
02/04/2016,16:30,97.31,97.46,96.26,96.47,0,0,-2.52,0.00,0.00
02/05/2016,16:30,96.56,97.26,96.32,97.03,0,0,-1.95,0.00,0.00
02/08/2016,16:30,97.05,97.48,96.54,96.57,0,0,-2.44,0.00,0.00
02/09/2016,16:30,96.73,96.82,95.66,96.07,0,0,-3.05,0.00,0.00
02/10/2016,16:30,96.06,96.72,95.76,95.89,0,0,-3.20,0.00,0.00
02/11/2016,16:30,95.84,95.90,95.24,95.56,0,0,-4.03,0.00,0.00
02/12/2016,16:30,95.58,96.21,95.46,95.94,0,0,-3.44,0.00,0.00
02/15/2016,16:30,96.05,96.88,95.94,95.94,0,0,-3.44,0.00,0.00
02/16/2016,16:30,96.71,96.99,96.38,96.87,0,0,-2.05,0.00,0.00
02/17/2016,16:30,96.88,97.10,96.63,96.79,0,0,-1.75,0.00,0.00
02/18/2016,16:30,96.87,97.09,96.69,96.95,0,0,-2.67,0.00,0.00
02/19/2016,16:30,96.82,97.17,96.56,96.60,0,0,-2.43,0.00,0.00
02/22/2016,16:30,96.75,97.60,96.74,97.38,0,0,-1.51,0.00,0.00
02/23/2016,16:30,97.38,97.58,97.14,97.48,0,0,0.20,0.00,0.00
02/24/2016,16:30,97.46,97.92,97.23,97.46,0,0,1.03,0.00,0.00
02/25/2016,16:30,97.50,97.72,97.22,97.29,0,0,0.27,0.00,0.00
02/26/2016,16:30,97.42,98.26,97.10,98.15,0,0,1.64,0.00,0.00
02/29/2016,16:30,98.21,98.37,97.80,98.21,0,0,2.23,0.00,0.00
03/01/2016,16:30,98.23,98.57,98.09,98.35,0,0,2.57,0.00,0.00
03/02/2016,16:30,98.39,98.58,98.12,98.21,0,0,2.77,0.00,0.00
03/03/2016,16:30,98.16,98.35,97.46,97.59,0,0,1.72,0.00,0.00
03/04/2016,16:30,97.60,98.03,97.02,97.34,0,0,1.46,0.00,0.00
03/07/2016,16:30,97.33,97.70,97.04,97.07,0,0,0.21,0.00,0.00
03/08/2016,16:30,97.12,97.27,96.89,97.21,0,0,0.43,0.00,0.00
03/09/2016,16:30,97.17,97.57,96.93,97.17,0,0,0.23,0.00,0.00
03/10/2016,16:30,97.19,98.42,95.94,96.07,0,0,-0.55,0.00,0.00
03/11/2016,16:30,96.18,96.72,95.94,96.17,0,0,-1.24,0.00,0.00
03/14/2016,16:30,96.31,96.71,96.14,96.62,0,0,-0.88,0.00,0.00
03/15/2016,16:30,96.57,96.87,96.47,96.63,0,0,-0.85,0.00,0.00
03/16/2016,16:30,96.60,97.06,95.54,95.89,0,0,-1.44,0.00,0.00
03/17/2016,16:30,95.71,95.83,94.65,94.76,0,0,-3.45,0.00,0.00
03/18/2016,16:30,94.77,95.17,94.58,95.09,0,0,-3.18,0.00,0.00
03/21/2016,16:30,95.10,95.41,95.00,95.29,0,0,-3.11,0.00,0.00
03/22/2016,16:30,95.40,95.75,95.26,95.65,0,0,-2.61,0.00,0.00
03/23/2016,16:30,95.67,96.23,95.62,96.05,0,0,-1.58,0.00,0.00
03/24/2016,16:30,96.06,96.36,96.06,96.14,0,0,-1.23,0.00,0.00
03/28/2016,16:30,96.28,96.40,95.84,95.94,0,0,-1.16,0.00,0.00
03/29/2016,16:30,96.00,96.22,95.09,95.16,0,0,-2.11,0.00,0.00
03/30/2016,16:30,95.16,95.22,94.59,94.84,0,0,-2.40,0.00,0.00
03/31/2016,16:30,94.83,95.03,94.32,94.59,0,0,-1.54,0.00,0.00
04/01/2016,16:30,94.64,95.11,94.33,94.62,0,0,-1.61,0.00,0.00
04/04/2016,16:30,94.58,94.83,94.41,94.51,0,0,-2.18,0.00,0.00
04/05/2016,16:30,94.59,94.98,94.45,94.63,0,0,-2.07,0.00,0.00
04/06/2016,16:30,94.60,95.07,94.24,94.43,0,0,-1.52,0.00,0.00
04/07/2016,16:30,94.50,94.67,94.01,94.48,0,0,-0.30,0.00,0.00
04/08/2016,16:30,94.51,94.68,94.09,94.24,0,0,-0.89,0.00,0.00
04/11/2016,16:30,94.14,94.34,93.75,93.95,0,0,-1.41,0.00,0.00
04/12/2016,16:30,93.98,94.39,93.63,93.96,0,0,-1.77,0.00,0.00
04/13/2016,16:30,94.04,94.85,94.00,94.74,0,0,-1.36,0.00,0.00
04/14/2016,16:30,94.79,95.20,94.68,94.90,0,0,-1.29,0.00,0.00
04/15/2016,16:30,94.91,95.05,94.51,94.70,0,0,-1.29,0.00,0.00
04/18/2016,16:30,94.64,94.83,94.38,94.49,0,0,-0.70,0.00,0.00
04/19/2016,16:30,94.46,94.55,93.93,93.98,0,0,-0.91,0.00,0.00
04/20/2016,16:30,94.10,94.59,93.94,94.49,0,0,-0.11,0.00,0.00
04/21/2016,16:30,94.55,94.69,93.92,94.60,0,0,-0.02,0.00,0.00
04/22/2016,16:30,94.66,95.20,94.47,95.12,0,0,0.65,0.00,0.00
04/25/2016,16:30,95.11,95.11,94.68,94.84,0,0,0.22,0.00,0.00
04/26/2016,16:30,94.76,94.81,94.21,94.57,0,0,0.15,0.00,0.00
04/27/2016,16:30,94.51,94.80,94.15,94.39,0,0,-0.10,0.00,0.00
04/28/2016,16:30,94.38,94.58,93.68,93.76,0,0,-0.51,0.00,0.00
04/29/2016,16:30,93.74,93.75,93.01,93.08,0,0,-0.93,0.00,0.00
05/02/2016,16:30,93.00,93.07,92.54,92.63,0,0,-1.42,0.00,0.00
05/03/2016,16:30,92.57,93.04,91.92,92.94,0,0,-1.90,0.00,0.00
05/04/2016,16:30,92.97,93.36,92.85,93.18,0,0,-1.81,0.00,0.00
05/05/2016,16:30,93.25,93.86,93.17,93.78,0,0,-0.97,0.00,0.00
05/06/2016,16:30,93.74,93.96,93.28,93.89,0,0,-0.63,0.00,0.00
05/09/2016,16:30,93.89,94.20,93.80,94.13,0,0,0.16,0.00,0.00
05/10/2016,16:30,94.15,94.36,94.03,94.29,0,0,-0.21,0.00,0.00
05/11/2016,16:30,94.24,94.24,93.68,93.82,0,0,-0.82,0.00,0.00
05/12/2016,16:30,93.82,94.19,93.80,94.15,0,0,-1.02,0.00,0.00
05/13/2016,16:30,94.15,94.85,94.12,94.61,0,0,-0.24,0.00,0.00
05/16/2016,16:30,94.63,94.68,94.40,94.57,0,0,0.00,0.00,0.00
05/17/2016,16:30,94.56,94.71,94.33,94.55,0,0,0.17,0.00,0.00
05/18/2016,16:30,94.57,95.24,94.53,95.08,0,0,1.41,0.00,0.00
05/19/2016,16:30,95.20,95.50,95.12,95.29,0,0,2.37,0.00,0.00
05/20/2016,16:30,95.32,95.46,95.17,95.33,0,0,2.91,0.00,0.00
05/23/2016,16:30,95.31,95.48,95.10,95.23,0,0,2.46,0.00,0.00
05/24/2016,16:30,95.23,95.66,95.20,95.57,0,0,2.56,0.00,0.00
05/25/2016,16:30,95.60,95.66,95.33,95.35,0,0,1.67,0.00,0.00
05/26/2016,16:30,95.40,95.42,94.94,95.17,0,0,1.36,0.00,0.00
05/27/2016,16:30,95.15,95.78,95.08,95.52,0,0,1.48,0.00,0.00
05/30/2016,16:30,95.75,95.97,95.64,95.65,0,0,1.44,0.00,0.00
05/31/2016,16:30,95.65,95.89,95.46,95.89,0,0,2.21,0.00,0.00
06/01/2016,16:30,95.85,95.90,95.34,95.46,0,0,1.39,0.00,0.00
06/02/2016,16:30,95.37,95.61,95.15,95.56,0,0,1.00,0.00,0.00
06/03/2016,16:30,95.55,95.64,93.86,94.03,0,0,-0.57,0.00,0.00
06/06/2016,16:30,93.93,94.27,93.75,93.90,0,0,-0.69,0.00,0.00
06/07/2016,16:30,94.03,94.09,93.75,93.83,0,0,-1.31,0.00,0.00
06/08/2016,16:30,93.83,93.87,93.43,93.59,0,0,-1.78,0.00,0.00
06/09/2016,16:30,93.59,94.12,93.43,93.95,0,0,-1.45,0.00,0.00
06/10/2016,16:30,94.11,94.71,94.04,94.57,0,0,-0.69,0.00,0.00
06/13/2016,16:30,94.64,94.75,94.24,94.36,0,0,-1.27,0.00,0.00
06/14/2016,16:30,94.37,95.03,94.32,94.93,0,0,-0.44,0.00,0.00
06/15/2016,16:30,94.92,95.04,94.36,94.61,0,0,-0.59,0.00,0.00
06/16/2016,16:30,94.59,95.32,94.21,94.57,0,0,-0.99,0.00,0.00
06/17/2016,16:30,94.61,94.61,94.07,94.21,0,0,-1.51,0.00,0.00
06/20/2016,16:30,93.83,93.83,93.45,93.61,0,0,-2.38,0.00,0.00
06/21/2016,16:30,93.65,94.14,93.43,94.02,0,0,-1.51,0.00,0.00
06/22/2016,16:30,94.11,94.12,93.48,93.72,0,0,-1.93,0.00,0.00
06/23/2016,16:30,93.64,93.64,93.02,93.53,0,0,-0.53,0.00,0.00
06/24/2016,16:30,93.09,96.70,93.09,95.45,0,0,1.65,0.00,0.00
06/27/2016,16:30,96.08,96.71,95.81,96.54,0,0,2.89,0.00,0.00
06/28/2016,16:30,96.34,96.40,95.77,96.25,0,0,2.84,0.00,0.00
06/29/2016,16:30,96.11,96.20,95.59,95.77,0,0,1.94,0.00,0.00
06/30/2016,16:30,95.71,96.42,95.44,96.14,0,0,1.66,0.00,0.00
07/01/2016,16:30,95.86,96.08,95.41,95.65,0,0,1.37,0.00,0.00
07/04/2016,16:30,95.68,95.89,95.43,95.48,0,0,0.58,0.00,0.00
07/05/2016,16:30,95.47,96.25,95.34,96.17,0,0,1.65,0.00,0.00
07/06/2016,16:30,96.18,96.50,95.98,96.05,0,0,1.56,0.00,0.00
07/07/2016,16:30,96.05,96.34,95.92,96.33,0,0,2.25,0.00,0.00
07/08/2016,16:30,96.25,96.70,95.83,96.30,0,0,2.87,0.00,0.00
07/11/2016,16:30,96.33,96.79,96.27,96.57,0,0,2.71,0.00,0.00
07/12/2016,16:30,96.56,96.64,96.07,96.44,0,0,2.90,0.00,0.00
07/13/2016,16:30,96.51,96.60,96.09,96.22,0,0,2.88,0.00,0.00
07/14/2016,16:30,96.34,96.37,95.83,96.08,0,0,0.66,0.00,0.00
07/15/2016,16:30,96.10,96.73,95.91,96.58,0,0,0.04,0.00,0.00
07/18/2016,16:30,96.64,96.71,96.47,96.56,0,0,0.32,0.00,0.00
07/19/2016,16:30,96.57,97.15,96.52,97.06,0,0,1.35,0.00,0.00
07/20/2016,16:30,97.05,97.32,96.99,97.20,0,0,1.10,0.00,0.00
07/21/2016,16:30,97.13,97.21,96.73,97.00,0,0,1.41,0.00,0.00
07/22/2016,16:30,96.93,97.54,96.82,97.47,0,0,2.08,0.00,0.00
07/25/2016,16:30,97.36,97.57,97.22,97.29,0,0,1.16,0.00,0.00
07/26/2016,16:30,97.24,97.32,96.85,97.16,0,0,1.16,0.00,0.00
07/27/2016,16:30,97.15,97.53,96.67,97.05,0,0,0.75,0.00,0.00
07/28/2016,16:30,96.74,96.77,96.29,96.74,0,0,0.46,0.00,0.00
07/29/2016,16:30,96.66,96.66,95.38,95.53,0,0,-1.08,0.00,0.00
08/01/2016,16:30,95.60,95.82,95.54,95.71,0,0,-0.76,0.00,0.00
08/02/2016,16:30,95.79,95.85,95.00,95.06,0,0,-1.21,0.00,0.00
08/03/2016,16:30,95.06,95.61,95.06,95.56,0,0,-0.54,0.00,0.00
08/04/2016,16:30,95.56,95.90,95.42,95.76,0,0,-0.85,0.00,0.00
08/05/2016,16:30,95.80,96.52,95.55,96.19,0,0,-0.38,0.00,0.00
08/08/2016,16:30,96.26,96.47,96.15,96.40,0,0,-0.68,0.00,0.00
08/09/2016,16:30,96.36,96.52,96.08,96.18,0,0,-1.05,0.00,0.00
08/10/2016,16:30,96.10,96.12,95.44,95.65,0,0,-1.39,0.00,0.00
08/11/2016,16:30,95.61,95.96,95.50,95.86,0,0,-1.65,0.00,0.00
08/12/2016,16:30,95.92,95.99,95.25,95.72,0,0,-1.61,0.00,0.00
08/15/2016,16:30,95.67,95.80,95.47,95.63,0,0,-1.57,0.00,0.00
08/16/2016,16:30,95.62,95.66,94.43,94.79,0,0,-2.33,0.00,0.00
08/17/2016,16:30,94.79,95.10,94.51,94.72,0,0,-2.09,0.00,0.00
08/18/2016,16:30,94.74,94.74,94.08,94.16,0,0,-1.43,0.00,0.00
08/19/2016,16:30,94.16,94.63,94.16,94.51,0,0,-1.25,0.00,0.00
08/22/2016,16:30,94.61,94.96,94.44,94.52,0,0,-0.57,0.00,0.00
08/23/2016,16:30,94.53,94.58,94.21,94.54,0,0,-1.07,0.00,0.00
08/24/2016,16:30,94.55,94.91,94.50,94.79,0,0,-1.01,0.00,0.00
08/25/2016,16:30,94.76,94.83,94.59,94.77,0,0,-1.48,0.00,0.00
08/26/2016,16:30,94.72,95.59,94.25,95.57,0,0,-0.86,0.00,0.00
08/29/2016,16:30,95.55,95.83,95.48,95.58,0,0,-0.62,0.00,0.00
08/30/2016,16:30,95.57,96.14,95.53,96.05,0,0,0.42,0.00,0.00
08/31/2016,16:30,96.07,96.25,95.90,96.02,0,0,0.17,0.00,0.00
09/01/2016,16:30,96.01,96.24,95.60,95.65,0,0,-0.07,0.00,0.00
09/02/2016,16:30,95.64,95.96,95.19,95.84,0,0,0.22,0.00,0.00
09/05/2016,16:30,95.88,95.88,95.55,95.77,0,0,1.03,0.00,0.00
09/06/2016,16:30,95.79,95.86,94.77,94.82,0,0,0.11,0.00,0.00
09/07/2016,16:30,94.81,95.06,94.69,94.96,0,0,0.85,0.00,0.00
09/08/2016,16:30,94.96,95.14,94.46,95.03,0,0,0.55,0.00,0.00
09/09/2016,16:30,95.01,95.58,94.80,95.34,0,0,0.87,0.00,0.00
09/12/2016,16:30,95.31,95.45,94.93,95.10,0,0,0.59,0.00,0.00
09/13/2016,16:30,95.12,95.67,95.07,95.63,0,0,0.89,0.00,0.00
09/14/2016,16:30,95.57,95.66,95.20,95.33,0,0,0.59,0.00,0.00
09/15/2016,16:30,95.34,95.56,95.08,95.29,0,0,-0.29,0.00,0.00
09/16/2016,16:30,95.24,96.11,95.22,96.11,0,0,0.55,0.00,0.00
09/19/2016,16:30,96.05,96.06,95.64,95.84,0,0,-0.22,0.00,0.00
09/20/2016,16:30,95.85,96.04,95.60,96.02,0,0,0.00,0.00,0.00
09/21/2016,16:30,96.00,96.33,95.44,95.66,0,0,0.01,0.00,0.00
09/22/2016,16:30,95.47,95.53,95.05,95.45,0,0,-0.41,0.00,0.00
09/23/2016,16:30,95.39,95.68,95.34,95.48,0,0,-0.30,0.00,0.00
09/26/2016,16:30,95.47,95.53,95.13,95.30,0,0,0.51,0.00,0.00
09/27/2016,16:30,95.29,95.67,95.24,95.43,0,0,0.49,0.00,0.00
09/28/2016,16:30,95.48,95.74,95.36,95.43,0,0,0.42,0.00,0.00
09/29/2016,16:30,95.39,95.68,95.33,95.54,0,0,0.21,0.00,0.00
09/30/2016,16:30,95.49,95.96,95.34,95.46,0,0,0.38,0.00,0.00
10/03/2016,16:30,95.51,95.80,95.46,95.69,0,0,0.06,0.00,0.00
10/04/2016,16:30,95.75,96.44,95.75,96.17,0,0,0.88,0.00,0.00
10/05/2016,16:30,96.13,96.31,95.96,96.13,0,0,0.88,0.00,0.00
10/06/2016,16:30,96.15,96.77,96.11,96.76,0,0,0.68,0.00,0.00
10/07/2016,16:30,96.68,97.19,96.40,96.63,0,0,0.82,0.00,0.00
10/10/2016,16:30,96.53,96.97,96.46,96.93,0,0,0.95,0.00,0.00
10/11/2016,16:30,96.90,97.73,96.90,97.69,0,0,2.12,0.00,0.00
10/12/2016,16:30,97.72,98.04,97.46,97.97,0,0,2.64,0.00,0.00
10/13/2016,16:30,97.97,98.13,97.50,97.52,0,0,2.14,0.00,0.00
10/14/2016,16:30,97.52,98.12,97.51,98.02,0,0,2.85,0.00,0.00
10/17/2016,16:30,98.15,98.17,97.81,97.89,0,0,2.58,0.00,0.00
10/18/2016,16:30,97.90,97.96,97.61,97.89,0,0,2.58,0.00,0.00
10/19/2016,16:30,97.87,97.96,97.63,97.92,0,0,2.49,0.00,0.00
10/20/2016,16:30,97.86,98.40,97.66,98.32,0,0,3.00,0.00,0.00
10/21/2016,16:30,98.29,98.81,98.29,98.69,0,0,3.14,0.00,0.00
10/24/2016,16:30,98.64,98.85,98.54,98.76,0,0,2.69,0.00,0.00
10/25/2016,16:30,98.68,99.12,98.61,98.72,0,0,2.69,0.00,0.00
10/26/2016,16:30,98.74,98.84,98.33,98.63,0,0,1.93,0.00,0.00
10/27/2016,16:30,98.60,99.03,98.50,98.89,0,0,2.34,0.00,0.00
10/28/2016,16:30,98.91,98.94,98.24,98.35,0,0,1.46,0.00,0.00
10/31/2016,16:30,98.28,98.70,98.28,98.44,0,0,0.77,0.00,0.00
11/01/2016,16:30,98.33,98.48,97.64,97.70,0,0,-0.28,0.00,0.00
11/02/2016,16:30,97.77,97.80,97.18,97.40,0,0,-0.12,0.00,0.00
11/03/2016,16:30,97.35,97.46,97.04,97.16,0,0,-0.88,0.00,0.00
11/04/2016,16:30,97.16,97.35,96.89,97.07,0,0,-0.84,0.00,0.00
11/07/2016,16:30,97.37,97.87,97.22,97.78,0,0,-0.11,0.00,0.00
11/08/2016,16:30,97.74,97.99,97.55,97.86,0,0,-0.06,0.00,0.00
11/09/2016,16:30,97.93,98.70,95.89,98.50,0,0,0.18,0.00,0.00
11/10/2016,16:30,98.62,99.08,98.31,98.79,0,0,0.10,0.00,0.00
11/11/2016,16:30,98.81,99.13,98.54,99.06,0,0,0.30,0.00,0.00
11/14/2016,16:30,99.13,100.22,99.13,100.11,0,0,1.41,0.00,0.00
11/15/2016,16:30,100.00,100.26,99.45,100.23,0,0,1.62,0.00,0.00
11/16/2016,16:30,100.19,100.57,99.90,100.41,0,0,1.54,0.00,0.00
11/17/2016,16:30,100.35,100.98,99.96,100.89,0,0,2.58,0.00,0.00
